CadmiumTellurit_mu energy
2.94106618471 1
8.00389595336 31
49.8354277499 61
141.437546588 91
273.92458826 121
434.82538499 151
613.426080667 181
801.577931688 211
993.374282741 241
1184.64363832 271
1372.49971472 301
1554.99120363 331
1730.84162776 361
1899.25958835 391
2059.80121802 421
2212.27056666 451
2356.64735874 481
2493.03448756 511
2621.61977636 541
2742.64809132 571
2856.40099886 601
2963.18194503 631
3063.30549308 661
3157.08955388 691
3244.84982987 721
3326.89589904 751
4690327.7403 781
4264481.71019 811
3890765.84141 841
3561265.47627 871
3269485.17063 901
3010057.65226 931
2778519.50264 961
2571136.74726 991
5804489.69991 1021
5393663.91925 1051
5022303.42554 1081
4685674.03047 1111
4379716.70517 1141
4100936.7677 1171
3846313.52488 1201
3613226.19466 1231
3399392.86412 1261
3202819.94439 1291
3021760.12353 1321
2854677.23462 1351
2700216.77837 1381
2557181.091 1411
2424508.3453 1441
2301254.72814 1471
2186579.26088 1501
2079730.82739 1531
1980037.05292 1561
1886894.74027 1591
1799761.62073 1621
1718149.21886 1651
1641616.66363 1681
1569765.30622 1711
1502234.02762 1741
1438695.13722 1771
1378850.77983 1801
1322429.78066 1831
1269184.86882 1861
1218890.22879 1891
1171339.33653 1921
1126343.04339 1951
1083727.8762 1981
1043334.52621 2011
1005016.50358 2041
968638.937082 2071
934077.501562 2101
901217.457979 2131
869952.792776 2161
840185.445146 2191
811824.612135 2221
784786.12283 2251
758991.873949 2281
734369.320096 2311
710851.012767 2341
688374.182889 2371
666880.362284 2401
646315.040015 2431
626627.350006 2461
607769.786749 2491
589697.946279 2521
572370.289898 2551
555747.928412 2581
539794.424888 2611
524475.614151 2641
509759.437425 2671
495615.790702 2701
482016.385556 2731
468934.621264 2761
456345.467194 2791
444225.354553 2821
432552.076638 2851
421304.696868 2881
410463.463886 2911
400009.733152 2941
389925.894446 2971
380195.304797 3001
370802.226379 3031
361731.768951 3061
352969.836485 3091
344503.07763 3121
336318.839702 3151
328405.125924 3181
320750.55565 3211
313344.327355 3241
306176.18415 3271
299236.381658 3301
292515.658046 3331
286005.20606 3361
279696.646918 3391
273582.005909 3421
267653.689585 3451
261904.464426 3481
256327.436864 3511
482126.994686 3541
471833.285628 3571
461840.06162 3601
452136.225939 3631
442711.176561 3661
433554.780363 3691
424657.348866 3721
533933.203836 3751
523112.622513 3781
512591.147528 3811
502358.32651 3841
492404.147957 3871
482719.019486 3901
473293.747309 3931
464119.516858 3961
455187.874489 3991
500645.777172 4021
491135.91376 4051
481872.21739 4081
472846.634366 4111
464051.429036 4141
455479.169093 4171
447122.711664 4201
438975.19012 4231
431030.001577 4261
423280.795043 4291
415721.460177 4321
578039.633992 4351
567886.579319 4381
557975.405891 4411
548298.838862 4441
538849.867485 4471
529621.733891 4501
520607.922415 4531
511802.149434 4561
503198.353697 4591
584549.688788 4621
574855.590534 4651
565379.425048 4681
556115.007328 4711
547056.364279 4741
538197.726213 4771
529533.518739 4801
521058.355026 4831
512767.028414 4861
504654.505357 4891
496715.91869 4921
530313.500041 4951
522069.893396 4981
513999.903961 5011
506098.91645 5041
498362.463691 5071
490786.221064 5101
483366.001174 5131
476097.748752 5161
468977.535775 5191
462001.556789 5221
455166.124433 5251
448467.665149 5281
441902.715066 5311
435467.916061 5341
429160.011978 5371
422975.845003 5401
416912.352186 5431
410966.562105 5461
405135.591663 5491
399416.643012 5521
393807.000605 5551
388304.02836 5581
382905.166935 5611
377607.931117 5641
372409.907302 5671
367308.751084 5701
362302.184929 5731
357387.995943 5761
352564.033724 5791
347828.208293 5821
343178.488109 5851
338612.898157 5881
334129.518099 5911
329726.480512 5941
325401.969172 5971
321154.217415 6001
316981.506551 6031
312882.164341 6061
308854.563525 6091
304897.120405 6121
301008.293482 6151
297186.582139 6181
293430.525366 6211
289738.700545 6241
286109.722261 6271
282542.241167 6301
279034.942882 6331
275586.546932 6361
272195.805725 6391
268861.503562 6421
265582.455683 6451
262357.507343 6481
259185.532926 6511
256065.435079 6541
252996.143884 6571
249976.616058 6601
247005.834169 6631
244082.805892 6661
241206.563282 6691
238376.162072 6721
235590.680994 6751
232849.221127 6781
230150.905256 6811
227494.877265 6841
224880.301536 6871
222306.362381 6901
219772.26348 6931
217277.227346 6961
214820.494801 6991
212401.324474 7021
210018.99231 7051
207672.791094 7081
205362.029998 7111
203086.034132 7141
200844.144117 7171
198635.715662 7201
196460.119166 7231
194316.739321 7261
192204.974737 7291
190124.237567 7321
188073.953156 7351
186053.559691 7381
184062.507864 7411
182100.26055 7441
180166.292488 7471
178260.089974 7501
176381.150563 7531
174528.982783 7561
172703.105851 7591
170903.049401 7621
169128.353222 7651
167378.567001 7681
165653.250072 7711
163951.971174 7741
162274.308217 7771
160619.848054 7801
158988.186259 7831
157378.926911 7861
155791.682383 7891
154226.073142 7921
152681.727549 7951
151158.281666 7981
149655.379071 8011
148172.670675 8041
146709.814548 8071
145266.475741 8101
143842.326126 8131
142437.04423 8161
141050.315076 8191
139681.830032 8221
138331.286661 8251
136998.388571 8281
135682.84528 8311
134384.372073 8341
133102.689873 8371
131837.525104 8401
130588.609568 8431
129355.680321 8461
128138.479553 8491
126936.754468 8521
125750.257171 8551
124578.744559 8581
123421.97821 8611
122279.724278 8641
121151.75339 8671
120037.840546 8701
118937.765024 8731
117851.31028 8761
116778.263857 8791
115718.417299 8821
114671.566055 8851
113637.509402 8881
112616.050352 8911
111606.995579 8941
110610.155334 8971
109625.34337 9001
108652.376865 9031
107691.076349 9061
106741.265631 9091
105802.771731 9121
104875.424809 9151
103959.0581 9181
103053.507848 9211
102158.613244 9241
101274.216359 9271
100400.162092 9301
99536.2981033 9331
98682.4747587 9361
97838.5450759 9391
97004.3646669 9421
96179.7916854 9451
95364.6867742 9481
94558.913014 9511
93762.3358735 9541
92974.8231608 9571
92196.2449756 9601
91426.4736628 9631
90665.3837669 9661
89912.8519879 9691
89168.7571377 9721
88432.9800979 9751
87705.4037785 9781
86985.913077 9811
86274.3948395 9841
85570.7378217 9871
84874.8326515 9901
84186.5717916 9931
83505.8495041 9961
82832.5618146 9991
82166.6064784 10021
81507.8829463 10051
80856.292332 10081
80211.7373798 10111
79574.1224331 10141
78943.3534037 10171
78319.3377415 10201
77701.9844053 10231
77091.2038341 10261
76486.9079185 10291
75889.0099733 10321
75297.4247111 10351
74712.068215 10381
74132.8579135 10411
73559.7125551 10441
72992.5521834 10471
72431.298113 10501
71875.8729062 10531
71326.2003493 10561
70782.2054303 10591
70243.8143166 10621
69710.9543335 10651
69183.5539426 10681
68661.542721 10711
68144.8513416 10741
67633.4115522 10771
67127.1561566 10801
66626.0189953 10831
66129.934927 10861
65638.8398097 10891
65152.6704833 10921
64671.3647519 10951
64194.8613663 10981
63723.1000075 11011
63256.0212697 11041
62793.5666447 11071
62335.6785056 11101
61882.3000914 11131
61433.3754917 11161
60988.8496319 11191
60548.6682585 11221
60112.7779247 11251
59681.1259766 11281
59253.6605391 11311
58830.3305027 11341
58411.0855102 11371
57995.8759435 11401
57584.6529114 11431
57177.3682365 11461
56773.9744436 11491
56374.4247475 11521
55978.6730409 11551
55586.6738836 11581
55198.3824906 11611
54813.7547214 11641
54432.7470689 11671
54055.3166489 11701
53681.4211898 11731
53311.019022 11761
52944.0690681 11791
52580.5308331 11821
52220.3643946 11851
51863.5303935 11881
51509.9900242 11911
51159.7050262 11941
50812.6376747 11971
50468.750772 12001
50128.0076386 12031
49790.3721051 12061
49455.8085037 12091
49124.28166 12121
48795.7568854 12151
48470.1999688 12181
48147.5771689 12211
47827.855207 12241
47511.0012595 12271
47196.9829503 12301
46885.768344 12331
46577.3259386 12361
46271.624659 12391
45968.6338499 12421
45668.323269 12451
45370.6630813 12481
45075.6238515 12511
44783.1765389 12541
44493.2924903 12571
44205.9434344 12601
43921.101476 12631
43638.7390896 12661
43358.8291141 12691
43081.344747 12721
42806.2595388 12751
42533.5473879 12781
42263.1825348 12811
41995.139557 12841
41729.3933639 12871
41465.9191919 12901
41204.6925989 12931
40945.68946 12961
40688.8859623 12991
40434.2586004 13021
40181.7841715 13051
39931.439771 13081
39683.2027882 13111
39437.0509014 13141
39192.9620742 13171
38950.9145506 13201
38710.8868513 13231
38472.8577694 13261
38236.8063663 13291
38002.7119679 13321
37770.5541603 13351
37540.3127866 13381
37311.9679426 13411
37085.4999733 13441
36860.8894691 13471
36638.1172625 13501
36417.1644241 13531
36198.0122598 13561
35980.6423068 13591
35765.0363303 13621
35551.1763207 13651
35339.0444897 13681
35128.6232676 13711
34919.8952998 13741
34712.8434442 13771
34507.4507676 13801
34303.700543 13831
34101.5762466 13861
33901.0615552 13891
33702.1403428 13921
33504.7966781 13951
33309.0148221 13981
33114.7792247 14011
32922.0745224 14041
32730.8855359 14071
32541.1972671 14101
32352.9948968 14131
32166.2637821 14161
31980.9894541 14191
31797.1576153 14221
31614.7541374 14251
31433.7650586 14281
31254.176582 14311
31075.9750725 14341
30899.1470551 14371
30723.6792127 14401
30549.5583835 14431
30376.7715595 14461
30205.3058838 14491
30035.148649 14521
29866.287295 14551
29698.7094069 14581
29532.4027132 14611
29367.3550837 14641
29203.5545278 14671
29040.9891924 14701
28879.6473602 14731
28719.5174479 14761
28560.5880043 14791
28402.8477085 14821
28246.2853684 14851
28090.8899187 14881
27936.6504196 14911
27783.5560545 14941
27631.5961291 14971
27480.7600692 15001
27331.0374197 15031
27182.4178423 15061
27034.8911146 15091
26888.4471283 15121
26743.0758879 15151
26598.7675089 15181
26455.5122165 15211
26313.3003445 15241
26172.1223334 15271
26031.9687292 15301
25892.8301822 15331
25754.6974455 15361
25617.5613736 15391
25481.4129214 15421
25346.2431425 15451
25212.0431882 15481
25078.8043063 15511
24946.5178397 15541
24815.1752252 15571
24684.7679926 15601
24555.2877629 15631
24426.726248 15661
24299.0752487 15691
24172.3266541 15721
24046.4724405 15751
23921.50467 15781
23797.4154896 15811
23674.1971301 15841
23551.8419052 15871
23430.3422103 15901
23309.6905214 15931
23189.8793944 15961
23070.9014639 15991
22952.7494421 16021
22835.4161182 16051
22718.8943571 16081
22603.1770988 16111
22488.2573572 16141
22374.1282193 16171
22260.7828442 16201
22148.2144625 16231
22036.416375 16261
21925.3819525 16291
21815.1046341 16321
21705.577927 16351
21596.7954056 16381
21488.7507103 16411
21381.4375473 16441
21274.8496872 16471
21168.9809647 16501
21063.8252775 16531
20959.3765858 16561
20855.6289113 16591
20752.5763369 16621
20650.2130053 16651
20548.533119 16681
20447.5309389 16711
20347.2007842 16741
20247.5370316 16771
20148.5341141 16801
20050.1865211 16831
19952.488797 16861
19855.4355414 16891
19759.0214074 16921
19663.2411021 16951
19568.089385 16981
19473.5610679 17011
19379.6510143 17041
19286.3541387 17071
19193.6654058 17101
19101.5798302 17131
19010.0924759 17161
18919.1984554 17191
18828.8929293 17221
18739.1711057 17251
18650.02824 17281
18561.4596338 17311
18473.4606346 17341
18386.0266355 17371
18299.1530743 17401
18212.8354334 17431
18127.0692388 17461
18041.8500602 17491
17957.1735098 17521
17873.0352426 17551
17789.4309551 17581
17706.3563857 17611
17623.8073134 17641
17541.7795578 17671
17460.2689788 17701
17379.2714755 17731
17298.7829866 17761
17218.7994893 17791
17139.316999 17821
17060.3315692 17851
16981.8392908 17881
16903.8362916 17911
16826.3187361 17941
16749.2828252 17971
16672.7247953 18001
16596.6409183 18031
16521.0275015 18061
16445.8808863 18091
16371.1974488 18121
16296.9735987 18151
16223.2057795 18181
16149.8904676 18211
16077.0241723 18241
16004.6034354 18271
15932.6248307 18301
15861.0849637 18331
15789.9804715 18361
15719.308022 18391
15649.0643139 18421
15579.2460764 18451
15509.8500687 18481
15440.8730797 18511
15372.3119276 18541
15304.16346 18571
15236.424553 18601
15169.0921114 18631
15102.163068 18661
15035.6343836 18691
14969.5030466 18721
14903.7660725 18751
14838.4205041 18781
14773.4634107 18811
14708.891888 18841
14644.703058 18871
14580.8940686 18901
14517.4620931 18931
14454.4043303 18961
14391.718004 18991
14329.4003629 19021
14267.4486801 19051
14205.8602532 19081
14144.6324037 19111
14083.7624768 19141
14023.2478415 19171
13963.0858899 19201
13903.2740372 19231
13843.8097214 19261
13784.6904032 19291
13725.9135655 19321
13667.4767134 19351
13609.3773738 19381
13551.6130955 19411
13494.1814485 19441
13437.0800241 19471
13380.3064347 19501
13323.8583133 19531
13267.7333138 19561
13211.9291101 19591
13156.4433965 19621
13101.2738872 19651
13046.4183162 19681
12991.874437 19711
12937.6400225 19741
12883.7128648 19771
12830.0907749 19801
12776.7715826 19831
12723.7531364 19861
12671.033303 19891
12618.6099676 19921
12566.4810331 19951
12514.6444206 19981
12463.0980687 20011
12411.8399335 20041
12360.8679886 20071
12310.1802245 20101
12259.7746489 20131
12209.6492864 20161
12159.8021779 20191
12110.2313811 20221
12060.93497 20251
12011.9110346 20281
11963.1576812 20311
11914.6730316 20341
11866.4552236 20371
11818.5024104 20401
11770.8127607 20431
11723.3844583 20461
11676.2157021 20491
11629.3047061 20521
11582.6496991 20551
11536.2489243 20581
11490.1006398 20611
11444.2031177 20641
11398.5546446 20671
11353.1535211 20701
11307.9980618 20731
11263.0865951 20761
11218.4174632 20791
11173.9890217 20821
11129.7996397 20851
11085.8476997 20881
11042.1315974 20911
10998.6497413 20941
10955.4005531 20971
10912.3824672 21001
10869.5939307 21031
10827.0334033 21061
10784.6993571 21091
10742.5902766 21121
10700.7046584 21151
10659.0410113 21181
10617.5978561 21211
10576.3737253 21241
10535.3671634 21271
10494.5767265 21301
10454.000982 21331
10413.638509 21361
10373.4878979 21391
10333.5477503 21421
10293.8166787 21451
10254.293307 21481
10214.9762697 21511
10175.8642122 21541
10136.9557907 21571
10098.249672 21601
10059.7445332 21631
10021.4390621 21661
9983.33195661 21691
9945.42192501 21721
9907.70768563 21751
9870.18796686 21781
9832.86150704 21811
9795.72705437 21841
9758.78336681 21871
9722.02921198 21901
9685.46336712 21931
9649.08461895 21961
9612.89176361 21991
9576.88360657 22021
9541.05896254 22051
9505.41665541 22081
9469.95551813 22111
9434.67439264 22141
9399.57212981 22171
9364.64758935 22201
9329.89963971 22231
9295.32715803 22261
9260.92903003 22291
9226.70414998 22321
9192.65142056 22351
9158.76975286 22381
9125.05806624 22411
9091.51528829 22441
9058.14035475 22471
9024.93220942 22501
8991.88980413 22531
8959.01209863 22561
8926.29806054 22591
8893.74666525 22621
8861.35689591 22651
8829.12774331 22681
8797.05820582 22711
8765.14728936 22741
8733.39400727 22771
8701.79738031 22801
8670.35643656 22831
8639.07021135 22861
8607.93774723 22891
8576.95809386 22921
8546.130308 22951
8515.45345341 22981
8484.92660079 23011
8454.54882775 23041
8424.31921873 23071
8394.23686493 23101
8364.30086427 23131
8334.51032132 23161
8304.86434725 23191
8275.36205979 23221
8246.00258312 23251
8216.78504787 23281
8187.70859106 23311
8158.77235599 23341
8129.97549225 23371
8101.31715564 23401
8072.79650811 23431
8044.41271773 23461
8016.16495861 23491
7988.05241087 23521
7960.07426058 23551
7932.2296997 23581
7904.51792607 23611
7876.93814329 23641
7849.48956075 23671
7822.17139351 23701
7794.98286232 23731
7767.92319352 23761
7740.991619 23791
7714.18737618 23821
7687.50970794 23851
7660.95786259 23881
7634.53109381 23911
7608.22866061 23941
7582.04982729 23971
7555.99386338 24001
7530.06004364 24031
7504.24764796 24061
7478.55596134 24091
7452.98427386 24121
7427.53188064 24151
7402.19808176 24181
7376.98218227 24211
7351.88349211 24241
7326.90132609 24271
7302.03500384 24301
7277.28384978 24331
7252.64719307 24361
7228.12436757 24391
7203.71471182 24421
7179.41756899 24451
7155.23228682 24481
7131.15821764 24511
7107.19471826 24541
7083.34114998 24571
7059.59687856 24601
7035.96127415 24631
7012.43371127 24661
6989.0135688 24691
6965.70022988 24721
6942.49308195 24751
6919.39151667 24781
6896.39492989 24811
6873.50272164 24841
6850.71429605 24871
6828.02906138 24901
6805.44642994 24931
6782.96581807 24961
6760.5866461 24991
6738.30833834 25021
6716.13032302 25051
6694.0520323 25081
6672.07290218 25111
6650.19237253 25141
6628.409887 25171
6606.72489305 25201
6585.13684187 25231
6563.64518838 25261
6542.24939119 25291
6520.94891257 25321
6499.74321842 25351
6478.63177825 25381
6457.61406515 25411
6436.68955574 25441
6415.85773017 25471
6395.11807209 25501
6374.4700686 25531
6353.91321024 25561
6333.44699097 25591
6313.07090813 25621
6292.78446242 25651
6272.58715785 25681
6252.47850175 25711
6232.45800475 25741
6212.52518069 25771
6192.67954668 25801
6172.920623 25831
6153.24793314 25861
6133.66100371 25891
6114.15936448 25921
6094.7425483 25951
6075.41009113 25981
6056.16153195 26011
6036.99641281 26041
6017.91427875 26071
5998.91467781 26101
5979.99716097 26131
5961.16128218 26161
5942.40659829 26191
5923.73266907 26221
5905.13905713 26251
5886.62532797 26281
5868.19104989 26311
5849.83579402 26341
5831.55913427 26371
5813.36064731 26401
5795.23991257 26431
5777.1965122 26461
5759.23003105 26491
5741.34005665 26521
5723.52617921 26551
5705.78799156 26581
5688.12508918 26611
5670.53707014 26641
5653.02353509 26671
5635.58408726 26701
17250.6811939 26731
17201.6116483 26761
17152.7282669 26791
17104.0301688 26821
17055.5164781 26851
17007.1863237 26881
16959.0388397 26911
16911.073165 26941
16863.2884434 26971
16815.6838233 27001
16768.2584583 27031
16721.0115065 27061
16673.9421307 27091
16627.0494987 27121
16580.3327828 27151
16533.7911599 27181
16487.4238116 27211
16441.229924 27241
16395.2086879 27271
16349.3592986 27301
16303.6809557 27331
16258.1728636 27361
16212.8342309 27391
16167.6642707 27421
16122.6622003 27451
16077.8272418 27481
16033.1586211 27511
15988.6555688 27541
15944.3173195 27571
15900.1431123 27601
15856.1321902 27631
15812.2838006 27661
15768.5971952 27691
15725.0716294 27721
15681.7063632 27751
15638.5006602 27781
15595.4537885 27811
15552.5650199 27841
15509.8336304 27871
15467.2588999 27901
15424.8401122 27931
15382.5765552 27961
15340.4675205 27991
15298.5123037 28021
15256.7102041 28051
15215.0605251 28081
15173.5625737 28111
15132.2156607 28141
15091.0191006 28171
15049.9722118 28201
15009.0743163 28231
14968.3247398 28261
14927.7228117 28291
14887.2678648 28321
14846.959236 28351
14806.7962652 28381
14766.7782963 28411
14726.9046767 28441
14687.174757 28471
14647.5878918 28501
14608.1434387 28531
14568.8407591 28561
14529.6792176 28591
14490.6581823 28621
14451.7770249 28651
14413.0351201 28681
14374.4318462 28711
14335.9665847 28741
14297.6387205 28771
14259.4476418 28801
14221.39274 28831
14183.4734097 28861
14145.6890489 28891
14108.0390586 28921
14070.5228431 28951
14033.1398099 28981
13995.8893695 29011
13958.7709358 29041
13921.7839255 29071
13884.9277586 29101
13848.201858 29131
13811.6056498 29161
13775.1385631 29191
13738.8000299 29221
13702.5894854 29251
13666.5063675 29281
13630.5501174 29311
13594.720179 29341
13559.0159991 29371
13523.4370275 29401
13487.9827169 29431
13452.6525229 29461
13417.4459037 29491
13382.3623207 29521
13347.4012379 29551
13312.5621221 29581
13277.8444429 29611
13243.2476727 29641
13208.7712867 29671
13174.4147626 29701
13140.1775811 29731
13106.0592255 29761
13072.0591816 29791
13038.1769382 29821
13004.4119864 29851
12970.7638203 29881
12937.2319362 29911
12903.8158334 29941
12870.5150135 29971
12837.3289809 30001
12804.2572422 30031
12771.2993071 30061
12738.4546872 30091
12705.7228971 30121
12673.1034536 30151
12640.5958761 30181
12608.1996865 30211
12575.914409 30241
12543.7395705 30271
12511.6746999 30301
12479.719329 30331
12447.8729916 30361
12416.135224 30391
12384.505565 30421
12352.9835556 30451
12321.5687392 30481
12290.2606614 30511
12259.0588702 30541
12227.962916 30571
12196.9723514 30601
12166.0867311 30631
12135.3056123 30661
12104.6285542 30691
12074.0551186 30721
12043.5848691 30751
12013.2173717 30781
11982.9521946 30811
11952.7889081 30841
11922.7270847 30871
11892.7662992 30901
11862.9061282 30931
11833.1461506 30961
11803.4859476 30991
11773.9251022 31021
11744.4631997 31051
11715.0998272 31081
11685.8345743 31111
11656.6670322 31141
11627.5967945 31171
11598.6234565 31201
11569.7466158 31231
11540.9658719 31261
11512.2808261 31291
11483.6910821 31321
11455.1962452 31351
11426.7959227 31381
11398.4897241 31411
11370.2772606 31441
11342.1581454 31471
11314.1319935 31501
11286.198422 31531
11258.3570498 31561
11230.6074977 31591
11202.9493882 31621
11175.3823459 31651
11147.9059972 31681
11120.5199702 31711
11093.223895 31741
11066.0174033 31771
11038.9001287 31801
20388.4819958 31831
20340.1354964 31861
20291.9407188 31891
20243.8970737 31921
20196.003974 31951
20148.2608355 31981
20100.667077 32011
20053.2221195 32041
20005.9253869 32071
19958.7763058 32101
19911.7743055 32131
19864.9188176 32161
19818.2092767 32191
19771.6451198 32221
19725.2257865 32251
19678.9507189 32281
19632.8193619 32311
19586.8311627 32341
19540.9855712 32371
19495.2820396 32401
19449.7200229 32431
19404.2989784 32461
19359.0183659 32491
19313.8776477 32521
19268.8762885 32551
19224.0137554 32581
19179.2895182 32611
19134.7030487 32641
19090.2538215 32671
19045.9413133 32701
19001.7650033 32731
18957.724373 32761
18913.8189063 32791
18870.0480895 32821
18826.4114111 32851
18782.9083619 32881
18739.5384352 32911
18696.3011264 32941
18653.1959332 32971
18610.2223556 33001
18567.3798959 33031
18524.6680587 33061
18482.0863505 33091
18439.6342804 33121
18397.3113595 33151
18355.1171011 33181
18313.0510209 33211
18271.1126364 33241
18229.3014676 33271
18187.6170365 33301
18146.0588672 33331
18104.6264861 33361
18063.3194214 33391
18022.1372038 33421
17981.0793658 33451
17940.1454421 33481
17899.3349695 33511
17858.6474868 33541
17818.0825349 33571
17777.6396566 33601
17737.318397 33631
17697.1183029 33661
17657.0389234 33691
17617.0798095 33721
17577.2405141 33751
17537.5205921 33781
17497.9196006 33811
17458.4370982 33841
17419.072646 33871
17379.8258065 33901
17340.6961446 33931
17301.6832268 33961
17262.7866217 33991
17224.0058996 34021
17185.3406329 34051
17146.7903958 34081
17108.3547643 34111
17070.0333164 34141
17031.8256317 34171
16993.731292 34201
16955.7498807 34231
16917.880983 34261
16880.1241861 34291
16842.4790788 34321
16804.9452518 34351
16767.5222975 34381
16730.2098104 34411
16693.0073862 34441
16655.914623 34471
16618.9311201 34501
16582.0564788 34531
16545.2903022 34561
16508.6321949 34591
16472.0817635 34621
16435.6386161 34651
16399.3023625 34681
16363.0726143 34711
16326.9489847 34741
16290.9310886 34771
16255.0185426 34801
16219.2109648 34831
16183.5079753 34861
16147.9091953 34891
16112.4142482 34921
16077.0227587 34951
16041.7343531 34981
16006.5486594 35011
15971.4653073 35041
15936.4839279 35071
15901.6041539 35101
15866.8256197 35131
15832.1479613 35161
15797.5708159 35191
15763.0938228 35221
15728.7166225 35251
15694.4388569 35281
15660.2601699 35311
15626.1802064 35341
15592.1986133 35371
15558.3150386 35401
15524.529132 35431
15490.8405447 35461
15457.2489294 35491
15423.7539401 35521
15390.3552324 35551
15357.0524635 35581
15323.8452917 35611
15290.7333772 35641
15257.7163812 35671
15224.7939666 35701
15191.9657977 35731
15159.2315401 35761
15126.590861 35791
15094.0434288 35821
15061.5889135 35851
15029.2269863 35881
14996.9573199 35911
14964.7795883 35941
14932.6934671 35971
14900.698633 36001
14868.794764 36031
14836.9815399 36061
14805.2586413 36091
14773.6257505 36121
14742.082551 36151
14710.6287277 36181
14679.2639667 36211
14647.9879555 36241
14616.8003828 36271
14585.7009388 36301
14554.6893149 36331
14523.7652037 36361
14492.9282991 36391
14462.1782965 36421
14431.5148922 36451
14400.9377841 36481
14370.4466711 36511
14340.0412535 36541
14309.7212329 36571
14279.4863119 36601
14249.3361947 36631
14219.2705862 36661
14189.2891931 36691
14159.391723 36721
14129.5778846 36751
14099.8473881 36781
14070.1999447 36811
14040.6352669 36841
14011.1530682 36871
13981.7530636 36901
13952.434969 36931
13923.1985015 36961
13894.0433795 36991
13864.9693225 37021
13835.9760511 37051
13807.0632871 37081
13778.2307534 37111
13749.478174 37141
13720.8052742 37171
13692.2117803 37201
13663.6974197 37231
13635.261921 37261
13606.9050137 37291
13578.6264288 37321
13550.425898 37351
13522.3031543 37381
13494.2579318 37411
13466.2899656 37441
13438.3989919 37471
13410.584748 37501
13382.8469721 37531
13355.1854039 37561
13327.5997837 37591
13300.089853 37621
13272.6553544 37651
13245.2960316 37681
13218.0116291 37711
13190.8018928 37741
13163.6665692 37771
13136.6054062 37801
13109.6181525 37831
13082.7045579 37861
13055.8643732 37891
13029.0973501 37921
13002.4032415 37951
12975.7818011 37981
12949.2327837 38011
12922.7559451 38041
12896.3510421 38071
12870.0178322 38101
12843.7560743 38131
12817.565528 38161
12791.445954 38191
12765.3971137 38221
12739.4187698 38251
12713.5106857 38281
12687.672626 38311
12661.9043558 38341
12636.2056416 38371
12610.5762507 38401
12585.0159511 38431
12559.524512 38461
12534.1017034 38491
12508.7472963 38521
12483.4610624 38551
12458.2427745 38581
12433.0922064 38611
12408.0091324 38641
12382.9933282 38671
12358.04457 38701
12333.162635 38731
12308.3473014 38761
12283.5983481 38791
12258.9155551 38821
12234.2987029 38851
12209.7475733 38881
12185.2619487 38911
12160.8416123 38941
12136.4863484 38971
12112.195942 39001
12087.970179 39031
12063.808846 39061
12039.7117307 39091
12015.6786213 39121
11991.7093072 39151
11967.8035783 39181
11943.9612255 39211
11920.1820405 39241
11896.4658158 39271
11872.8123448 39301
11849.2214215 39331
11825.6928408 39361
11802.2263986 39391
11778.8218913 39421
11755.4791162 39451
11732.1978715 39481
11708.9779561 39511
11685.8191696 39541
11662.7213125 39571
11639.684186 39601
11616.7075922 39631
11593.7913338 39661
11570.9352144 39691
11548.1390383 39721
11525.4026106 39751
11502.725737 39781
11480.1082242 39811
11457.5498795 39841
11435.0505109 39871
11412.6099273 39901
11390.2279382 39931
11367.904354 39961
11345.6389855 39991
11323.4316446 40021
11301.2821438 40051
11279.1902962 40081
11257.1559157 40111
11235.1788171 40141
11213.2588155 40171
11191.3957272 40201
11169.5893688 40231
11147.8395578 40261
11126.1461123 40291
11104.5088513 40321
11082.9275943 40351
11061.4021615 40381
11039.9323739 40411
11018.518053 40441
10997.1590212 40471
10975.8551015 40501
10954.6061175 40531
10933.4118935 40561
10912.2722546 40591
10891.1870263 40621
10870.1560351 40651
10849.1791078 40681
10828.2560722 40711
10807.3867566 40741
10786.5709899 40771
10765.8086017 40801
10745.0994222 40831
10724.4432824 40861
10703.8400137 40891
10683.2894484 40921
10662.7914192 40951
10642.3457597 40981
10621.9523037 41011
10601.6108862 41041
10581.3213423 41071
10561.083508 41101
10540.8972198 41131
10520.762315 41161
10500.6786313 41191
10480.6460072 41221
10460.6642815 41251
10440.733294 41281
10420.8528849 41311
10401.0228949 41341
10381.2431655 41371
10361.5135386 41401
10341.8338569 41431
10322.2039636 41461
10302.6237024 41491
10283.0929177 41521
10263.6114544 41551
10244.1791581 41581
10224.7958748 41611
10205.4614512 41641
10186.1757346 41671
10166.9385727 41701
10147.749814 41731
10128.6093073 41761
10109.5169023 41791
10090.4724489 41821
10071.4757977 41851
10052.5268001 41881
10033.6253076 41911
10014.7711725 41941
9995.96424778 41971
9977.20438669 42001
9958.49144316 42031
9939.82527167 42061
9921.20572719 42091
9902.63266526 42121
9884.10594195 42151
9865.62541384 42181
9847.19093806 42211
9828.80237226 42241
9810.45957462 42271
9792.16240383 42301
9773.91071911 42331
9755.7043802 42361
9737.54324735 42391
9719.42718132 42421
9701.35604339 42451
9683.32969534 42481
9665.34799947 42511
9647.41081857 42541
9629.51801594 42571
9611.66945539 42601
9593.8650012 42631
9576.10451818 42661
9558.38787162 42691
9540.71492728 42721
9523.08555146 42751
9505.4996109 42781
9487.95697285 42811
9470.45750503 42841
9453.00107567 42871
9435.58755344 42901
9418.21680751 42931
9400.88870754 42961
9383.60312363 42991
9366.35992637 43021
9349.15898683 43051
9332.00017652 43081
9314.88336745 43111
9297.80843205 43141
9280.77524326 43171
9263.78367445 43201
9246.83359945 43231
9229.92489256 43261
9213.05742852 43291
9196.23108252 43321
9179.44573022 43351
9162.70124771 43381
9145.99751153 43411
9129.33439867 43441
9112.71178657 43471
9096.12955308 43501
9079.58757653 43531
9063.08573565 43561
9046.62390964 43591
9030.20197811 43621
9013.8198211 43651
8997.4773191 43681
8981.174353 43711
8964.91080416 43741
8948.68655432 43771
8932.50148566 43801
8916.35548079 43831
8900.24842272 43861
8884.1801949 43891
8868.15068118 43921
8852.15976584 43951
8836.20733354 43981
8820.29326939 44011
8804.41745889 44041
8788.57978795 44071
8772.78014287 44101
8757.01841039 44131
8741.29447762 44161
8725.60823209 44191
8709.95956171 44221
8694.3483548 44251
8678.77450009 44281
8663.23788667 44311
8647.73840405 44341
8632.27594213 44371
8616.85039117 44401
8601.46164187 44431
8586.10958526 44461
8570.79411279 44491
8555.51511628 44521
8540.27248793 44551
8525.06612034 44581
8509.89590647 44611
8494.76173965 44641
8479.66351359 44671
8464.6011224 44701
8449.57446052 44731
8434.58342279 44761
8419.62790441 44791
8404.70780095 44821
8389.82300835 44851
8374.97342289 44881
8360.15894125 44911
8345.37946045 44941
8330.63487787 44971
8315.92509125 45001
8301.2499987 45031
8286.60949867 45061
8272.00348997 45091
8257.43187177 45121
8242.89454357 45151
8228.39140525 45181
8213.92235703 45211
8199.48729945 45241
8185.08613343 45271
8170.71876021 45301
8156.38508141 45331
8142.08499894 45361
8127.81841509 45391
8113.58523247 45421
8099.38535404 45451
8085.21868308 45481
8071.08512323 45511
8056.98457843 45541
8042.91695299 45571
8028.88215151 45601
8014.88007895 45631
8000.9106406 45661
7986.97374205 45691
7973.06928924 45721
7959.19718842 45751
7945.35734617 45781
7931.5496694 45811
7917.77406532 45841
7904.03044148 45871
7890.31870573 45901
7876.63876624 45931
7862.99053152 45961
7849.37391035 45991
7835.78881186 46021
7822.23514548 46051
7808.71282095 46081
7795.22174831 46111
7781.76183792 46141
7768.33300044 46171
7754.93514684 46201
7741.5681884 46231
7728.23203668 46261
7714.92660357 46291
7701.65180124 46321
7688.40754218 46351
7675.19373914 46381
7662.01030522 46411
7648.85715378 46441
7635.73419847 46471
7622.64135326 46501
7609.5785324 46531
7596.54565042 46561
7583.54262216 46591
7570.56936274 46621
7557.62578756 46651
7544.71181232 46681
7531.82735299 46711
7518.97232585 46741
7506.14664744 46771
7493.35023458 46801
7480.5830044 46831
7467.84487427 46861
7455.13576187 46891
7442.45558515 46921
7429.80426234 46951
7417.18171192 46981
7404.58785268 47011
7392.02260366 47041
7379.48588418 47071
7366.97761384 47101
7354.49771249 47131
7342.04610028 47161
7329.62269759 47191
7317.22742509 47221
7304.86020372 47251
7292.52095468 47281
7280.20959942 47311
7267.92605967 47341
7255.67025741 47371
7243.44211491 47401
7231.24155465 47431
7219.06849941 47461
7206.92287222 47491
7194.80459635 47521
7182.71359534 47551
7170.64979299 47581
7158.61311334 47611
7146.60348068 47641
7134.62081958 47671
7122.66505484 47701
7110.73611149 47731
7098.83391486 47761
7086.95839048 47791
7075.10946416 47821
7063.28706193 47851
7051.49111009 47881
7039.72153517 47911
7027.97826394 47941
7016.26122343 47971
7004.57034088 48001
6992.90554381 48031
6981.26675996 48061
6969.65391729 48091
6958.06694404 48121
6946.50576865 48151
6934.97031981 48181
6923.46052645 48211
6911.97631772 48241
6900.51762303 48271
6889.08437199 48301
6877.67649447 48331
6866.29392054 48361
6854.93658053 48391
6843.60440498 48421
6832.29732466 48451
6821.01527058 48481
6809.75817396 48511
6798.52596626 48541
6787.31857915 48571
6776.13594454 48601
6764.97799454 48631
6753.84466151 48661
6742.73587801 48691
6731.65157683 48721
6720.59169097 48751
6709.55615366 48781
6698.54489835 48811
6687.55785869 48841
6676.59496857 48871
6665.65616207 48901
6654.74137349 48931
6643.85053737 48961
6632.98358843 48991
6622.14046162 49021
6611.3210921 49051
6600.52541523 49081
6589.75336659 49111
6579.00488196 49141
6568.27989735 49171
6557.57834894 49201
6546.90017316 49231
6536.24530661 49261
6525.61368611 49291
6515.00524869 49321
6504.41993158 49351
6493.85767219 49381
6483.31840817 49411
6472.80207735 49441
6462.30861775 49471
6451.83796762 49501
6441.39006539 49531
6430.96484968 49561
6420.56225932 49591
6410.18223334 49621
6399.82471097 49651
6389.4896316 49681
6379.17693486 49711
6368.88656055 49741
6358.61844867 49771
6348.3725394 49801
6338.14877314 49831
6327.94709044 49861
6317.76743207 49891
6307.609739 49921
6297.47395234 49951
6287.36001345 49981
6277.26786383 50011
6267.19744518 50041
6257.1486994 50071
6247.12156856 50101
6237.11599492 50131
6227.13192092 50161
6217.1692892 50191
6207.22804256 50221
6197.30812399 50251
6187.40947666 50281
6177.53204393 50311
6167.67576934 50341
6157.84059659 50371
6148.02646957 50401
6138.23333236 50431
6128.46112921 50461
6118.70980453 50491
6108.97930292 50521
6099.26956917 50551
6089.58054821 50581
6079.91218518 50611
6070.26442536 50641
6060.63721424 50671
6051.03049745 50701
6041.4442208 50731
6031.87833029 50761
6022.33277205 50791
6012.80749243 50821
6003.30243791 50851
5993.81755516 50881
5984.352791 50911
5974.90809242 50941
5965.48340661 50971
5956.07868088 51001
5946.69386273 51031
5937.32889981 51061
5927.98373996 51091
5918.65833116 51121
5909.35262156 51151
5900.06655947 51181
5890.80009337 51211
5881.5531719 51241
5872.32574384 51271
5863.11775816 51301
5853.92916397 51331
5844.75991055 51361
5835.60994733 51391
5826.47922391 51421
5817.36769002 51451
5808.27529557 51481
5799.20199063 51511
5790.1477254 51541
5781.11245027 51571
5772.09611576 51601
5763.09867254 51631
5754.12007145 51661
5745.16026347 51691
5736.21919974 51721
5727.29683155 51751
5718.39311034 51781
5709.5079877 51811
5700.64141536 51841
5691.79334523 51871
5682.96372933 51901
5674.15251985 51931
5665.35966913 51961
5656.58512965 51991
5647.82885404 52021
5639.09079508 52051
5630.37090567 52081
5621.6691389 52111
5612.98544796 52141
5604.31978622 52171
5595.67210717 52201
5587.04236446 52231
5578.43051186 52261
5569.8365033 52291
5561.26029285 52321
5552.70183472 52351
5544.16108326 52381
5535.63799296 52411
5527.13251844 52441
5518.64461447 52471
5510.17423596 52501
5501.72133796 52531
5493.28587564 52561
5484.86780433 52591
5476.46707947 52621
5468.08365667 52651
5459.71749165 52681
5451.36854027 52711
5443.03675853 52741
5434.72210256 52771
5426.42452863 52801
5418.14399313 52831
5409.8804526 52861
5401.6338637 52891
5393.40418322 52921
5385.1913681 52951
5376.99537538 52981
5368.81616227 53011
5360.65368607 53041
5352.50790423 53071
5344.37877434 53101
5336.26625409 53131
5328.17030132 53161
5320.090874 53191
5312.0279302 53221
5303.98142815 53251
5295.95132619 53281
5287.93758279 53311
5279.94015653 53341
5271.95900614 53371
5263.99409047 53401
5256.04536847 53431
5248.11279924 53461
5240.19634199 53491
5232.29595606 53521
5224.41160091 53551
5216.54323612 53581
5208.6908214 53611
5200.85431657 53641
5193.03368157 53671
5185.22887647 53701
5177.43986146 53731
5169.66659683 53761
5161.90904302 53791
5154.16716057 53821
5146.44091013 53851
5138.73025249 53881
5131.03514854 53911
5123.3555593 53941
5115.69144589 53971
5108.04276957 54001
5100.40949168 54031
5092.79157372 54061
5085.18897727 54091
5077.60166403 54121
5070.02959584 54151
5062.47273462 54181
5054.93104242 54211
5047.40448141 54241
5039.89301386 54271
5032.39660215 54301
5024.91520878 54331
5017.44879636 54361
5009.99732761 54391
5002.56076537 54421
4995.13907257 54451
4987.73221227 54481
4980.34014762 54511
4972.9628419 54541
4965.60025849 54571
4958.25236087 54601
4950.91911263 54631
4943.60047749 54661
4936.29641926 54691
4929.00690184 54721
4921.73188927 54751
4914.47134567 54781
4907.22523528 54811
4899.99352244 54841
4892.7761716 54871
4885.57314731 54901
4878.38441423 54931
4871.20993711 54961
4864.04968082 54991
4856.90361033 55021
4849.77169071 55051
4842.65388712 55081
4835.55016485 55111
4828.46048927 55141
4821.38482585 55171
4814.32314019 55201
4807.27539795 55231
4800.24156493 55261
4793.221607 55291
4786.21549014 55321
4779.22318043 55351
4772.24464406 55381
4765.2798473 55411
4758.32875653 55441
4751.39133822 55471
4744.46755896 55501
4737.5573854 55531
4730.66078432 55561
4723.77772259 55591
4716.90816716 55621
4710.05208509 55651
4703.20944353 55681
4696.38020974 55711
4689.56435106 55741
4682.76183493 55771
4675.97262888 55801
4669.19670054 55831
4662.43401763 55861
4655.68454797 55891
4648.94825947 55921
4642.22512012 55951
4635.51509804 55981
4628.81816139 56011
4622.13427846 56041
4615.46341763 56071
4608.80554735 56101
4602.16063618 56131
4595.52865276 56161
4588.90956583 56191
4582.30334422 56221
4575.70995683 56251
4569.12937267 56281
4562.56156084 56311
4556.00649053 56341
4549.46413099 56371
4542.9344516 56401
4536.4174218 56431
4529.91301113 56461
4523.42118921 56491
4516.94192575 56521
4510.47519055 56551
4504.0209535 56581
4497.57918457 56611
4491.14985381 56641
4484.73293138 56671
4478.32838748 56701
4471.93619245 56731
4465.55631668 56761
4459.18873065 56791
4452.83340494 56821
4446.49031019 56851
4440.15941713 56881
4433.8406966 56911
4427.53411949 56941
4421.23965679 56971
4414.95727956 57001
4408.68695897 57031
4402.42866623 57061
4396.18237267 57091
4389.94804968 57121
4383.72566875 57151
4377.51520142 57181
4371.31661935 57211
4365.12989424 57241
4358.95499791 57271
4352.79190224 57301
4346.64057918 57331
4340.50100077 57361
4334.37313914 57391
4328.25696648 57421
4322.15245507 57451
4316.05957727 57481
4309.97830551 57511
4303.9086123 57541
4297.85047023 57571
4291.80385197 57601
4285.76873027 57631
4279.74507794 57661
4273.73286789 57691
4267.73207308 57721
4261.74266657 57751
4255.76462148 57781
4249.79791102 57811
4243.84250847 57841
4237.89838717 57871
4231.96552056 57901
4226.04388214 57931
4220.13344548 57961
4214.23418424 57991
4208.34607213 58021
4202.46908297 58051
4196.60319062 58081
4190.74836903 58111
4184.90459221 58141
4179.07183427 58171
4173.25006935 58201
4167.43927171 58231
4161.63941564 58261
4155.85047552 58291
4150.07242582 58321
4144.30524105 58351
4138.5488958 58381
4132.80336475 58411
4127.06862262 58441
4121.34464423 58471
4115.63140445 58501
4109.92887823 58531
4104.23704057 58561
4098.55586658 58591
4092.8853314 58621
4087.22541026 58651
4081.57607846 58681
4075.93731134 58711
4070.30908435 58741
4064.69137298 58771
4059.08415281 58801
4053.48739945 58831
4047.90108862 58861
4042.32519608 58891
4036.75969767 58921
4031.2045693 58951
4025.65978692 58981
4020.12532659 59011
4014.6011644 59041
4009.08727652 59071
4003.58363918 59101
3998.09022868 59131
3992.6070214 59161
3987.13399376 59191
3981.67112225 59221
3976.21838344 59251
3970.77575395 59281
3965.34321047 59311
3959.92072975 59341
3954.50828861 59371
3949.10586394 59401
3943.71343268 59431
3938.33097182 59461
3932.95845846 59491
3927.59586972 59521
3922.24318279 59551
3916.90037494 59581
3911.56742349 59611
3906.24430582 59641
3900.93099938 59671
3895.62748168 59701
3890.33373028 59731
3885.04972281 59761
3879.77543698 59791
3874.51085052 59821
3869.25594126 59851
3864.01068707 59881
3858.77506587 59911
3853.54905568 59941
3848.33263453 59971
3843.12578055 60001
3837.92847191 60031
3832.74068684 60061
3827.56240364 60091
3822.39360065 60121
3817.2342563 60151
3812.08434904 60181
3806.94385741 60211
3801.81275998 60241
3796.69103542 60271
3791.57866241 60301
3786.47561972 60331
3781.38188617 60361
3776.29744063 60391
3771.22226203 60421
3766.15632936 60451
3761.09962167 60481
3756.05211807 60511
3751.0137977 60541
3745.98463979 60571
3740.96462361 60601
3735.95372849 60631
3730.95193381 60661
3725.95921901 60691
3720.97556358 60721
3716.00094707 60751
3711.0353491 60781
3706.07874931 60811
3701.13112743 60841
3696.19246323 60871
3691.26273652 60901
3686.34192718 60931
3681.43001516 60961
3676.52698043 60991
3671.63280303 61021
3666.74746306 61051
3661.87094066 61081
3657.00321604 61111
3652.14426945 61141
3647.29408119 61171
3642.45263162 61201
3637.61990116 61231
3632.79587026 61261
3627.98051945 61291
3623.17382929 61321
3618.3757804 61351
3613.58635345 61381
3608.80552918 61411
3604.03328834 61441
3599.26961178 61471
3594.51448035 61501
3589.76787501 61531
3585.02977672 61561
3580.30016651 61591
3575.57902546 61621
3570.86633471 61651
3566.16207543 61681
3561.46622886 61711
3556.77877628 61741
3552.09969902 61771
3547.42897845 61801
3542.76659601 61831
3538.11253317 61861
3533.46677147 61891
3528.82929248 61921
3524.20007783 61951
3519.57910918 61981
3514.96636827 62011
3510.36183687 62041
3505.76549679 62071
3501.1773299 62101
3496.59731812 62131
3492.02544341 62161
3487.46168777 62191
3482.90603328 62221
3478.35846204 62251
3473.81895619 62281
3469.28749794 62311
3464.76406953 62341
3460.24865327 62371
3455.74123148 62401
3451.24178655 62431
3446.75030093 62461
3442.26675708 62491
3437.79113753 62521
3433.32342486 62551
3428.86360168 62581
3424.41165065 62611
3419.96755448 62641
3415.53129593 62671
3411.10285779 62701
3406.6822229 62731
3402.26937416 62761
3397.8642945 62791
3393.4669669 62821
3389.07737437 62851
3384.6955 62881
3380.32132687 62911
3375.95483816 62941
3371.59601707 62971
3367.24484683 63001
3362.90131073 63031
3358.5653921 63061
3354.23707432 63091
3349.9163408 63121
3345.60317501 63151
3341.29756044 63181
3336.99948065 63211
3332.70891923 63241
3328.4258598 63271
3324.15028604 63301
3319.88218166 63331
3315.62153044 63361
3311.36831616 63391
3307.12252267 63421
3302.88413386 63451
3298.65313365 63481
3294.42950602 63511
3290.21323497 63541
3286.00430455 63571
3281.80269886 63601
3277.60840204 63631
3273.42139824 63661
3269.24167171 63691
3265.06920668 63721
3260.90398746 63751
3256.74599839 63781
3252.59522384 63811
3248.45164823 63841
3244.31525602 63871
3240.18603172 63901
3236.06395986 63931
3231.94902501 63961
3227.84121181 63991
3223.74050489 64021
3219.64688898 64051
3215.56034879 64081
3211.48086911 64111
3207.40843475 64141
3203.34303056 64171
3199.28464145 64201
3195.23325233 64231
3191.18884819 64261
3187.15141403 64291
3183.12093489 64321
3179.09739587 64351
3175.08078209 64381
3171.0710787 64411
3167.06827092 64441
3163.07234398 64471
3159.08328314 64501
3155.10107374 64531
3151.12570111 64561
3147.15715065 64591
3143.19540778 64621
3139.24045796 64651
3135.2922867 64681
3131.35087952 64711
3127.41622201 64741
3123.48829977 64771
3119.56709846 64801
3115.65260375 64831
3111.74480136 64861
3107.84367705 64891
3103.94921661 64921
3100.06140588 64951
3096.18023071 64981
3092.305677 65011
3088.4377307 65041
3084.57637777 65071
3080.72160422 65101
3076.8733961 65131
3073.03173947 65161
3069.19662047 65191
3065.36802522 65221
3061.54593992 65251
3057.73035079 65281
3053.92124408 65311
3050.11860607 65341
3046.32242309 65371
3042.5326815 65401
3038.74936769 65431
3034.97246809 65461
3031.20196915 65491
3027.43785736 65521
3023.68011927 65551
3019.92874143 65581
3016.18371043 65611
3012.44501291 65641
3008.71263553 65671
3004.98656499 65701
3001.26678801 65731
2997.55329137 65761
2993.84606185 65791
2990.14508629 65821
2986.45035156 65851
2982.76184454 65881
2979.07955217 65911
2975.40346141 65941
2971.73355926 65971
2968.06983273 66001
2964.4122689 66031
2960.76085485 66061
2957.1155777 66091
2953.47642462 66121
2949.84338279 66151
2946.21643944 66181
2942.59558181 66211
2938.98079719 66241
2935.37207289 66271
2931.76939627 66301
2928.17275469 66331
2924.58213559 66361
2920.99752638 66391
2917.41891456 66421
2913.84628762 66451
2910.27963309 66481
2906.71893855 66511
2903.1641916 66541
2899.61537985 66571
2896.07249097 66601
2892.53551266 66631
2889.00443262 66661
2885.47923862 66691
2881.95991842 66721
2878.44645985 66751
2874.93885074 66781
2871.43707897 66811
2867.94113244 66841
2864.45099908 66871
2860.96666684 66901
2857.48812373 66931
2854.01535777 66961
2850.548357 66991
2847.0871095 67021
2843.63160339 67051
2840.1818268 67081
2836.7377679 67111
2833.29941489 67141
2829.866756 67171
2826.43977947 67201
2823.0184736 67231
2819.6028267 67261
2816.19282711 67291
2812.7884632 67321
2809.38972337 67351
2805.99659605 67381
2802.60906969 67411
2799.22713279 67441
2795.85077384 67471
2792.4799814 67501
2789.11474403 67531
2785.75505033 67561
2782.40088892 67591
2779.05224846 67621
2775.70911763 67651
2772.37148514 67681
2769.03933972 67711
2765.71267014 67741
2762.39146518 67771
2759.07571368 67801
2755.76540446 67831
2752.46052642 67861
2749.16106844 67891
2745.86701945 67921
2742.57836842 67951
2739.29510431 67981
2736.01721615 68011
2732.74469295 68041
2729.4775238 68071
2726.21569776 68101
2722.95920397 68131
2719.70803156 68161
2716.4621697 68191
2713.22160758 68221
2709.98633442 68251
2706.75633947 68281
2703.53161201 68311
2700.31214133 68341
2697.09791675 68371
2693.88892764 68401
2690.68516335 68431
2687.48661331 68461
2684.29326692 68491
2681.10511366 68521
2677.92214299 68551
2674.74434443 68581
2671.57170749 68611
2668.40422175 68641
2665.24187677 68671
2662.08466216 68701
2658.93256756 68731
2655.78558261 68761
2652.64369701 68791
2649.50690045 68821
2646.37518267 68851
2643.24853342 68881
2640.12694249 68911
2637.01039967 68941
2633.89889479 68971
2630.79241772 69001
2627.69095832 69031
2624.5945065 69061
2621.50305219 69091
2618.41658533 69121
2615.3350959 69151
2612.25857391 69181
2609.18700937 69211
2606.12039233 69241
2603.05871286 69271
2600.00196106 69301
2596.95012704 69331
2593.90320095 69361
2590.86117295 69391
2587.82403323 69421
2584.79177201 69451
2581.76437952 69481
2578.74184601 69511
2575.72416178 69541
2572.71131712 69571
2569.70330238 69601
2566.70010789 69631
2563.70172403 69661
2560.70814121 69691
2557.71934984 69721
2554.73534037 69751
2551.75610327 69781
2548.78162901 69811
2545.81190812 69841
2542.84693113 69871
2539.8866886 69901
2536.9311711 69931
2533.98036924 69961
2531.03427365 69991
2528.09287496 70021
2525.15616385 70051
2522.224131 70081
2519.29676714 70111
2516.374063 70141
2513.45600932 70171
2510.5425969 70201
2507.63381653 70231
2504.72965904 70261
2501.83011526 70291
2498.93517607 70321
2496.04483235 70351
2493.15907501 70381
2490.27789498 70411
2487.40128322 70441
2484.52923069 70471
2481.6617284 70501
2478.79876735 70531
2475.94033858 70561
2473.08643316 70591
2470.23704215 70621
2467.39215667 70651
2464.55176783 70681
2461.71586678 70711
2458.88444467 70741
2456.0574927 70771
2453.23500206 70801
2450.41696398 70831
2447.6033697 70861
2444.7942105 70891
2441.98947766 70921
2439.18916248 70951
2436.3932563 70981
2433.60175047 71011
2430.81463634 71041
2428.03190531 71071
2425.25354879 71101
2422.4795582 71131
2419.709925 71161
2416.94464066 71191
2414.18369666 71221
2411.42708451 71251
2408.67479574 71281
2405.92682189 71311
2403.18315455 71341
2400.44378529 71371
2397.70870572 71401
2394.97790746 71431
2392.25138218 71461
2389.52912152 71491
2386.81111719 71521
2384.09736087 71551
2381.3878443 71581
2378.68255921 71611
2375.98149738 71641
2373.28465058 71671
2370.59201062 71701
2367.90356931 71731
2365.21931849 71761
2362.53925002 71791
2359.86335577 71821
2357.19162765 71851
2354.52405757 71881
2351.86063746 71911
2349.20135927 71941
2346.54621497 71971
2343.89519655 72001
2341.24829602 72031
2338.60550541 72061
2335.96681675 72091
2333.33222212 72121
2330.70171359 72151
2328.07528327 72181
2325.45292326 72211
2322.83462572 72241
2320.22038278 72271
2317.61018663 72301
2315.00402945 72331
2312.40190346 72361
2309.80380087 72391
2307.20971394 72421
2304.61963492 72451
2302.0335561 72481
2299.45146977 72511
2296.87336825 72541
2294.29924386 72571
2291.72908897 72601
2289.16289594 72631
2286.60065716 72661
2284.04236503 72691
2281.48801196 72721
2278.9375904 72751
2276.39109281 72781
2273.84851165 72811
2271.30983942 72841
2268.77506862 72871
2266.24419178 72901
2263.71720144 72931
2261.19409016 72961
2258.67485051 72991
2256.15947509 73021
2253.6479565 73051
2251.14028737 73081
2248.63646035 73111
2246.13646809 73141
2243.64030328 73171
2241.1479586 73201
2238.65942676 73231
2236.1747005 73261
2233.69377255 73291
2231.21663568 73321
2228.74328266 73351
2226.27370629 73381
2223.80789937 73411
2221.34585473 73441
2218.8875652 73471
2216.43302366 73501
2213.98222298 73531
2211.53515603 73561
2209.09181574 73591
2206.65219503 73621
2204.21628682 73651
2201.78408408 73681
2199.35557979 73711
2196.93076691 73741
2194.50963847 73771
2192.09218747 73801
2189.67840696 73831
2187.26828997 73861
2184.86182958 73891
2182.45901887 73921
2180.05985094 73951
2177.66431889 73981
2175.27241587 74011
2172.884135 74041
2170.49946945 74071
2168.1184124 74101
2165.74095703 74131
2163.36709655 74161
2160.99682419 74191
2158.63013317 74221
2156.26701675 74251
2153.9074682 74281
2151.55148079 74311
2149.19904782 74341
2146.85016262 74371
2144.50481849 74401
2142.16300879 74431
2139.82472687 74461
2137.48996611 74491
2135.15871988 74521
2132.8309816 74551
2130.50674467 74581
2128.18600253 74611
2125.86874863 74641
2123.55497643 74671
2121.24467939 74701
2118.93785101 74731
2116.6344848 74761
2114.33457427 74791
2112.03811296 74821
2109.74509441 74851
2107.45551219 74881
2105.16935988 74911
2102.88663105 74941
2100.60731933 74971
2098.33141833 75001
2096.05892168 75031
2093.78982303 75061
2091.52411605 75091
2089.26179441 75121
2087.00285179 75151
2084.74728191 75181
2082.49507848 75211
2080.24623524 75241
2078.00074594 75271
2075.75860432 75301
2073.51980417 75331
2071.28433927 75361
2069.05220343 75391
2066.82339047 75421
2064.5978942 75451
2062.37570848 75481
2060.15682716 75511
2057.94124411 75541
2055.72895321 75571
2053.51994837 75601
2051.31422349 75631
2049.1117725 75661
2046.91258933 75691
2044.71666794 75721
2042.52400229 75751
2040.33458636 75781
2038.14841415 75811
2035.96547965 75841
2033.78577688 75871
2031.60929987 75901
2029.43604268 75931
2027.26599935 75961
2025.09916396 75991
2022.93553058 76021
2020.77509333 76051
2018.6178463 76081
2016.46378362 76111
2014.31289942 76141
2012.16518786 76171
2010.02064309 76201
2007.87925928 76231
2005.74103064 76261
2003.60595135 76291
2001.47401562 76321
1999.34521769 76351
1997.21955179 76381
1995.09701217 76411
1992.97759309 76441
1990.86128883 76471
1988.74809369 76501
1986.63800195 76531
1984.53100793 76561
1982.42710596 76591
1980.32629037 76621
1978.22855552 76651
1976.13389577 76681
1974.0423055 76711
1971.95377909 76741
1969.86831093 76771
1967.78589546 76801
1965.70652708 76831
1963.63020023 76861
1961.55690937 76891
1959.48664895 76921
1957.41941344 76951
1955.35519734 76981
1953.29399513 77011
1951.23580133 77041
1949.18061046 77071
1947.12841705 77101
1945.07921564 77131
1943.03300079 77161
1940.98976707 77191
1938.94950906 77221
1936.91222135 77251
1934.87789855 77281
1932.84653526 77311
1930.81812613 77341
1928.79266577 77371
1926.77014885 77401
1924.75057003 77431
1922.73392398 77461
1920.72020539 77491
1918.70940895 77521
1916.70152937 77551
1914.69656136 77581
1912.69449967 77611
1910.69533903 77641
1908.6990742 77671
1906.70569994 77701
1904.71521103 77731
1902.72760225 77761
1900.74286841 77791
1898.76100431 77821
1896.78200478 77851
1894.80586464 77881
1892.83257874 77911
1890.86214195 77941
1888.89454911 77971
1886.92979511 78001
1884.96787484 78031
1883.00878319 78061
1881.05251508 78091
1879.09906542 78121
1877.14842916 78151
1875.20060122 78181
1873.25557656 78211
1871.31335016 78241
1869.37391697 78271
1867.437272 78301
1865.50341023 78331
1863.57232667 78361
1861.64401635 78391
1859.71847428 78421
1857.79569551 78451
1855.8756751 78481
1853.95840809 78511
1852.04388956 78541
1850.1321146 78571
1848.22307829 78601
1846.31677574 78631
1844.41320206 78661
1842.51235238 78691
1840.61422182 78721
1838.71880554 78751
1836.82609868 78781
1834.93609642 78811
1833.04879393 78841
1831.16418639 78871
1829.28226901 78901
1827.40303698 78931
1825.52648552 78961
1823.65260987 78991
1821.78140525 79021
1819.91286691 79051
1818.04699012 79081
1816.18377014 79111
1814.32320224 79141
1812.46528171 79171
1810.61000385 79201
1808.75736397 79231
1806.90735739 79261
1805.05997943 79291
1803.21522542 79321
1801.37309073 79351
1799.53357069 79381
1797.69666068 79411
1795.86235608 79441
1794.03065227 79471
1792.20154465 79501
1790.37502863 79531
1788.55109961 79561
1786.72975303 79591
1784.91098431 79621
1783.09478891 79651
1781.28116228 79681
1779.47009988 79711
1777.66159719 79741
1775.85564968 79771
1774.05225286 79801
1772.25140221 79831
1770.45309326 79861
1768.65732153 79891
1766.86408253 79921
1765.07337183 79951
1763.28518495 79981
